[gd_scene load_steps=34 format=3 uid="uid://c8qdaxbsp6hw4"]

[ext_resource type="PackedScene" uid="uid://do1xgybmqdwxj" path="res://Assets/Characters/Knight.glb" id="1_ku6ws"]
[ext_resource type="Script" path="res://Scripts/Player/player.cs" id="2_wc7ii"]

[sub_resource type="CylinderShape3D" id="CylinderShape3D_ouo7s"]

[sub_resource type="AnimationNodeAnimation" id="AnimationNodeAnimation_yivl0"]
animation = &"1H_Melee_Attack_Chop"

[sub_resource type="AnimationNodeAnimation" id="AnimationNodeAnimation_3tl2l"]
animation = &"1H_Melee_Attack_Slice_Diagonal"

[sub_resource type="AnimationNodeAnimation" id="AnimationNodeAnimation_bo75t"]
animation = &"1H_Melee_Attack_Slice_Horizontal"

[sub_resource type="AnimationNodeAnimation" id="AnimationNodeAnimation_vc71a"]
animation = &"Death_A"

[sub_resource type="AnimationNodeAnimation" id="AnimationNodeAnimation_gcr7v"]
animation = &"Running_Strafe_Left"

[sub_resource type="AnimationNodeAnimation" id="AnimationNodeAnimation_b3xw5"]
animation = &"Running_Strafe_Right"

[sub_resource type="AnimationNodeAnimation" id="AnimationNodeAnimation_yvwv4"]
animation = &"Running_A"

[sub_resource type="AnimationNodeAnimation" id="AnimationNodeAnimation_vmoxg"]
animation = &"Walking_Backwards"

[sub_resource type="AnimationNodeAnimation" id="AnimationNodeAnimation_k2wqb"]
animation = &"Idle"

[sub_resource type="AnimationNodeBlendSpace2D" id="AnimationNodeBlendSpace2D_jtjam"]
blend_point_0/node = SubResource("AnimationNodeAnimation_gcr7v")
blend_point_0/pos = Vector2(-1, 0)
blend_point_1/node = SubResource("AnimationNodeAnimation_b3xw5")
blend_point_1/pos = Vector2(1, 0)
blend_point_2/node = SubResource("AnimationNodeAnimation_yvwv4")
blend_point_2/pos = Vector2(0, 1)
blend_point_3/node = SubResource("AnimationNodeAnimation_vmoxg")
blend_point_3/pos = Vector2(0, -1)
blend_point_4/node = SubResource("AnimationNodeAnimation_k2wqb")
blend_point_4/pos = Vector2(0, 0)

[sub_resource type="AnimationNodeAnimation" id="AnimationNodeAnimation_cjeof"]
animation = &"Interact"

[sub_resource type="AnimationNodeAnimation" id="AnimationNodeAnimation_v5ydi"]
animation = &"Jump_Idle"

[sub_resource type="AnimationNodeAnimation" id="AnimationNodeAnimation_iq7mg"]
animation = &"Jump_Land"

[sub_resource type="AnimationNodeAnimation" id="AnimationNodeAnimation_1j8gj"]
animation = &"Jump_Start"

[sub_resource type="AnimationNodeStateMachineTransition" id="AnimationNodeStateMachineTransition_qw14k"]
advance_mode = 2

[sub_resource type="AnimationNodeStateMachineTransition" id="AnimationNodeStateMachineTransition_xaiao"]

[sub_resource type="AnimationNodeStateMachineTransition" id="AnimationNodeStateMachineTransition_3qlsd"]

[sub_resource type="AnimationNodeStateMachineTransition" id="AnimationNodeStateMachineTransition_gc0om"]

[sub_resource type="AnimationNodeStateMachineTransition" id="AnimationNodeStateMachineTransition_4yo3w"]

[sub_resource type="AnimationNodeStateMachineTransition" id="AnimationNodeStateMachineTransition_y7lvi"]

[sub_resource type="AnimationNodeStateMachineTransition" id="AnimationNodeStateMachineTransition_n2bar"]
switch_mode = 2

[sub_resource type="AnimationNodeStateMachineTransition" id="AnimationNodeStateMachineTransition_p4kgl"]
switch_mode = 2

[sub_resource type="AnimationNodeStateMachineTransition" id="AnimationNodeStateMachineTransition_8ksvg"]
switch_mode = 2

[sub_resource type="AnimationNodeStateMachineTransition" id="AnimationNodeStateMachineTransition_reug6"]
switch_mode = 2

[sub_resource type="AnimationNodeStateMachineTransition" id="AnimationNodeStateMachineTransition_batt5"]
xfade_time = 0.1
advance_mode = 2
advance_condition = &"jumping"

[sub_resource type="AnimationNodeStateMachineTransition" id="AnimationNodeStateMachineTransition_6xc0w"]
advance_mode = 2
advance_condition = &"grounded"

[sub_resource type="AnimationNodeStateMachineTransition" id="AnimationNodeStateMachineTransition_fxqi7"]
xfade_time = 0.1
switch_mode = 2
advance_mode = 2
advance_condition = &"jumping"

[sub_resource type="AnimationNodeStateMachineTransition" id="AnimationNodeStateMachineTransition_0shyw"]
xfade_time = 0.1
switch_mode = 1
advance_mode = 2
advance_condition = &"grounded"

[sub_resource type="AnimationNodeStateMachineTransition" id="AnimationNodeStateMachineTransition_2cuk6"]

[sub_resource type="AnimationNodeStateMachine" id="AnimationNodeStateMachine_h8sqv"]
states/1H_Melee_Attack_Chop/node = SubResource("AnimationNodeAnimation_yivl0")
states/1H_Melee_Attack_Chop/position = Vector2(633, 61)
states/1H_Melee_Attack_Slice_Diagonal/node = SubResource("AnimationNodeAnimation_3tl2l")
states/1H_Melee_Attack_Slice_Diagonal/position = Vector2(368, 61)
states/1H_Melee_Attack_Slice_Horizontal/node = SubResource("AnimationNodeAnimation_bo75t")
states/1H_Melee_Attack_Slice_Horizontal/position = Vector2(933, 61)
states/Death_A/node = SubResource("AnimationNodeAnimation_vc71a")
states/Death_A/position = Vector2(933, 210)
states/End/position = Vector2(1054, 317)
states/IWR/node = SubResource("AnimationNodeBlendSpace2D_jtjam")
states/IWR/position = Vector2(633, 210)
states/Interact/node = SubResource("AnimationNodeAnimation_cjeof")
states/Interact/position = Vector2(368, 210)
states/Jump_Idle/node = SubResource("AnimationNodeAnimation_v5ydi")
states/Jump_Idle/position = Vector2(633, 436)
states/Jump_Land/node = SubResource("AnimationNodeAnimation_iq7mg")
states/Jump_Land/position = Vector2(761, 317)
states/Jump_Start/node = SubResource("AnimationNodeAnimation_1j8gj")
states/Jump_Start/position = Vector2(507, 317)
states/Start/position = Vector2(163, 331)
transitions = ["Start", "IWR", SubResource("AnimationNodeStateMachineTransition_qw14k"), "IWR", "Interact", SubResource("AnimationNodeStateMachineTransition_xaiao"), "IWR", "1H_Melee_Attack_Slice_Diagonal", SubResource("AnimationNodeStateMachineTransition_3qlsd"), "IWR", "1H_Melee_Attack_Chop", SubResource("AnimationNodeStateMachineTransition_gc0om"), "IWR", "1H_Melee_Attack_Slice_Horizontal", SubResource("AnimationNodeStateMachineTransition_4yo3w"), "IWR", "Death_A", SubResource("AnimationNodeStateMachineTransition_y7lvi"), "1H_Melee_Attack_Slice_Diagonal", "IWR", SubResource("AnimationNodeStateMachineTransition_n2bar"), "Interact", "IWR", SubResource("AnimationNodeStateMachineTransition_p4kgl"), "1H_Melee_Attack_Chop", "IWR", SubResource("AnimationNodeStateMachineTransition_8ksvg"), "1H_Melee_Attack_Slice_Horizontal", "IWR", SubResource("AnimationNodeStateMachineTransition_reug6"), "IWR", "Jump_Start", SubResource("AnimationNodeStateMachineTransition_batt5"), "Jump_Idle", "Jump_Land", SubResource("AnimationNodeStateMachineTransition_6xc0w"), "Jump_Start", "Jump_Idle", SubResource("AnimationNodeStateMachineTransition_fxqi7"), "Jump_Land", "IWR", SubResource("AnimationNodeStateMachineTransition_0shyw"), "IWR", "Jump_Idle", SubResource("AnimationNodeStateMachineTransition_2cuk6")]
graph_offset = Vector2(0, 217.82)

[node name="Player" instance=ExtResource("1_ku6ws")]
script = ExtResource("2_wc7ii")

[node name="Collision" type="CollisionShape3D" parent="." index="0"]
transform = Transform3D(1, 0, 0, 0, 1, 0, 0, 0, 1, 0, 1, 0)
shape = SubResource("CylinderShape3D_ouo7s")

[node name="Skeleton3D" parent="Rig" index="0"]
transform = Transform3D(-1, 0, -8.74228e-08, 0, 1, 0, 8.74228e-08, 0, -1, 0, 0, 0)
bones/0/position = Vector3(0, 0.00175865, 0)
bones/1/position = Vector3(0, 0.393412, 0)
bones/1/rotation = Quaternion(0.00355504, 0.0415671, 0.000147905, 0.999129)
bones/2/rotation = Quaternion(0.00416009, 0.00470511, -0.0003703, 0.99998)
bones/3/rotation = Quaternion(0.001554, 7.75077e-05, 0.000398741, 0.999999)
bones/4/position = Vector3(0.211996, 0.133775, -0.00180649)
bones/4/rotation = Quaternion(-0.56445, -0.0683229, -0.646534, 0.508647)
bones/5/rotation = Quaternion(2.92795e-08, -4.81606e-08, -0.497194, 0.86764)
bones/7/rotation = Quaternion(-0.318522, -0.321501, 0.131487, 0.881982)
bones/8/rotation = Quaternion(-0.00197057, 0.00208448, -0.701304, 0.712856)
bones/14/position = Vector3(-0.211074, 0.133313, -0.00155748)
bones/14/rotation = Quaternion(-0.629445, 0.083883, 0.612267, 0.471054)
bones/15/rotation = Quaternion(3.17786e-08, 4.12076e-08, 0.516258, 0.856433)
bones/17/rotation = Quaternion(-0.322891, 0.29541, -0.206834, 0.875039)
bones/18/rotation = Quaternion(-0.00184496, -0.00181711, 0.701325, 0.712837)
bones/21/rotation = Quaternion(-0.00479085, -0.0347689, 0.000425253, 0.999384)
bones/24/position = Vector3(0.170945, 0.113587, 0.00367187)
bones/24/rotation = Quaternion(0.993828, 0.0817474, 0.0695581, 0.0280083)
bones/25/rotation = Quaternion(0.195068, 6.32251e-08, -1.3058e-07, 0.98079)
bones/26/rotation = Quaternion(-0.520144, -0.201674, 0.0431946, 0.828802)
bones/28/position = Vector3(-0.170945, 0.113587, -0.00367184)
bones/28/rotation = Quaternion(0.997447, -0.0284064, 0.0303507, 0.0580579)
bones/29/rotation = Quaternion(0.289649, -6.36596e-08, 2.03177e-07, 0.957133)
bones/30/rotation = Quaternion(-0.546636, 0.110411, -0.00714963, 0.830029)
bones/31/rotation = Quaternion(2.92628e-08, 0.920188, -0.391477, -6.91605e-08)
bones/32/position = Vector3(0.170945, 0.29248, 0.575982)
bones/32/rotation = Quaternion(0.707107, -2.29302e-07, -4.60552e-08, 0.707107)
bones/33/position = Vector3(0.20103, 0.0379171, 0.219683)
bones/33/rotation = Quaternion(-0.718372, -6.91703e-08, -7.18109e-08, 0.695659)
bones/34/rotation = Quaternion(9.30504e-09, 1.71453e-09, 0.986751, -0.162245)
bones/35/rotation = Quaternion(-1.04035e-07, 0.391084, 0.920355, -2.9526e-08)
bones/37/rotation = Quaternion(1, -3.04313e-15, 1.94707e-07, -6.66233e-22)
bones/39/position = Vector3(-0.170945, 0.29248, 0.575982)
bones/39/rotation = Quaternion(0.707107, -3.82385e-08, 1.45009e-07, 0.707107)
bones/40/position = Vector3(-0.170945, 0.0301192, 0.21923)
bones/40/rotation = Quaternion(-0.680951, -7.32105e-08, -6.77663e-08, 0.732329)
bones/41/rotation = Quaternion(-5.62142e-09, 6.20176e-10, 0.995185, 0.0980165)
bones/42/rotation = Quaternion(-1.04035e-07, 0.391084, 0.920355, -2.95261e-08)
bones/44/rotation = Quaternion(1, 4.44086e-16, 1.94707e-07, 6.66233e-22)
bones/46/position = Vector3(0.453507, 1.09939, -0.592547)
bones/47/position = Vector3(0.520558, 0.789648, -0.0510497)
bones/47/rotation = Quaternion(0.785465, 0.0144133, 0.618718, 0.00502784)
bones/48/position = Vector3(-0.453507, 1.09939, -0.592547)
bones/49/position = Vector3(-0.51093, 0.789648, 0.0619968)
bones/49/rotation = Quaternion(-0.749549, 0.0158082, 0.661738, -0.00537655)

[node name="1H_Sword_Offhand" parent="Rig/Skeleton3D" index="0"]
transform = Transform3D(0.00522847, 0.236844, 0.971533, 0.999803, 0.0173222, -0.00960315, -0.0191035, 0.971393, -0.236707, 0.508878, 0.638684, 0.0103335)
visible = false
bone_idx = 9

[node name="Badge_Shield" parent="Rig/Skeleton3D" index="1"]
transform = Transform3D(0.00522842, 0.236844, 0.971533, 0.999803, 0.0173197, -0.00960248, -0.0191008, 0.971393, -0.236707, 0.660326, 0.637187, -0.0265656)
visible = false
bone_idx = 10

[node name="Rectangle_Shield" parent="Rig/Skeleton3D" index="2"]
transform = Transform3D(0.00522842, 0.236844, 0.971533, 0.999803, 0.0173197, -0.00960248, -0.0191008, 0.971393, -0.236707, 0.660326, 0.637187, -0.0265656)
visible = false
bone_idx = 11

[node name="Round_Shield" parent="Rig/Skeleton3D" index="3"]
transform = Transform3D(0.00522842, 0.236844, 0.971533, 0.999803, 0.0173197, -0.00960248, -0.0191008, 0.971393, -0.236707, 0.660326, 0.637187, -0.0265656)
visible = false
bone_idx = 12

[node name="Spike_Shield" parent="Rig/Skeleton3D" index="4"]
transform = Transform3D(0.00522842, 0.236844, 0.971533, 0.999803, 0.0173197, -0.00960248, -0.0191008, 0.971393, -0.236707, 0.660326, 0.637187, -0.0265656)
visible = false
bone_idx = 13

[node name="1H_Sword" parent="Rig/Skeleton3D" index="5"]
transform = Transform3D(-0.012064, -0.130998, 0.991309, 0.999685, 0.0202227, 0.0148381, -0.0219904, 0.991176, 0.130714, -0.493175, 0.643822, 0.149546)
visible = false
bone_idx = 19

[node name="2H_Sword" parent="Rig/Skeleton3D" index="6"]
transform = Transform3D(-0.012064, -0.130998, 0.991309, 0.999685, 0.0202227, 0.0148381, -0.0219904, 0.991176, 0.130714, -0.493175, 0.643822, 0.149546)
visible = false
bone_idx = 20

[node name="Knight_Helmet" parent="Rig/Skeleton3D" index="7"]
transform = Transform3D(0.999732, -0.000442663, 0.0231622, 0.000650785, 0.99996, -0.00897863, -0.0231573, 0.00899129, 0.999691, 0.000820583, 1.2053, 0.0118628)
visible = false
bone_idx = 22

[node name="Knight_Cape" parent="Rig/Skeleton3D" index="8"]
transform = Transform3D(0.995705, 0.000961278, 0.0925816, 0.000756403, 0.999828, -0.0185163, -0.0925835, 0.0185068, 0.995533, 0.000784248, 1.20531, 0.0116199)
bone_idx = 23

[node name="AnimationTree" type="AnimationTree" parent="." index="3"]
tree_root = SubResource("AnimationNodeStateMachine_h8sqv")
anim_player = NodePath("../AnimationPlayer")
active = true
parameters/conditions/grounded = false
parameters/conditions/jumping = false
parameters/IWR/blend_position = Vector2(0, 0.0368714)

[node name="SpringArm3D" type="SpringArm3D" parent="." index="4"]
transform = Transform3D(1, 0, 0, 0, 1, 0, 0, 0, 1, 0, 5, 0)
collision_mask = 3
spring_length = 6.0

[node name="Camera3D" type="Camera3D" parent="SpringArm3D" index="0"]
transform = Transform3D(1, 0, 0, 0, 0.906308, 0.422618, 0, -0.422618, 0.906308, 0, 0, 0)
