[gd_scene load_steps=34 format=3 uid="uid://c8qdaxbsp6hw4"]

[ext_resource type="PackedScene" uid="uid://do1xgybmqdwxj" path="res://Assets/Characters/Knight.glb" id="1_ku6ws"]
[ext_resource type="Script" path="res://Scripts/Player/player.cs" id="2_wc7ii"]

[sub_resource type="CylinderShape3D" id="CylinderShape3D_ouo7s"]

[sub_resource type="AnimationNodeAnimation" id="AnimationNodeAnimation_yivl0"]
animation = &"1H_Melee_Attack_Chop"

[sub_resource type="AnimationNodeAnimation" id="AnimationNodeAnimation_3tl2l"]
animation = &"1H_Melee_Attack_Slice_Diagonal"

[sub_resource type="AnimationNodeAnimation" id="AnimationNodeAnimation_bo75t"]
animation = &"1H_Melee_Attack_Slice_Horizontal"

[sub_resource type="AnimationNodeAnimation" id="AnimationNodeAnimation_vc71a"]
animation = &"Death_A"

[sub_resource type="AnimationNodeAnimation" id="AnimationNodeAnimation_gcr7v"]
animation = &"Running_Strafe_Left"

[sub_resource type="AnimationNodeAnimation" id="AnimationNodeAnimation_b3xw5"]
animation = &"Running_Strafe_Right"

[sub_resource type="AnimationNodeAnimation" id="AnimationNodeAnimation_yvwv4"]
animation = &"Running_A"

[sub_resource type="AnimationNodeAnimation" id="AnimationNodeAnimation_vmoxg"]
animation = &"Walking_Backwards"

[sub_resource type="AnimationNodeAnimation" id="AnimationNodeAnimation_k2wqb"]
animation = &"Idle"

[sub_resource type="AnimationNodeBlendSpace2D" id="AnimationNodeBlendSpace2D_jtjam"]
blend_point_0/node = SubResource("AnimationNodeAnimation_gcr7v")
blend_point_0/pos = Vector2(-1, 0)
blend_point_1/node = SubResource("AnimationNodeAnimation_b3xw5")
blend_point_1/pos = Vector2(1, 0)
blend_point_2/node = SubResource("AnimationNodeAnimation_yvwv4")
blend_point_2/pos = Vector2(0, 1)
blend_point_3/node = SubResource("AnimationNodeAnimation_vmoxg")
blend_point_3/pos = Vector2(0, -1)
blend_point_4/node = SubResource("AnimationNodeAnimation_k2wqb")
blend_point_4/pos = Vector2(0, 0)

[sub_resource type="AnimationNodeAnimation" id="AnimationNodeAnimation_cjeof"]
animation = &"Interact"

[sub_resource type="AnimationNodeAnimation" id="AnimationNodeAnimation_v5ydi"]
animation = &"Jump_Idle"

[sub_resource type="AnimationNodeAnimation" id="AnimationNodeAnimation_iq7mg"]
animation = &"Jump_Land"

[sub_resource type="AnimationNodeAnimation" id="AnimationNodeAnimation_1j8gj"]
animation = &"Jump_Start"

[sub_resource type="AnimationNodeStateMachineTransition" id="AnimationNodeStateMachineTransition_qw14k"]
advance_mode = 2

[sub_resource type="AnimationNodeStateMachineTransition" id="AnimationNodeStateMachineTransition_xaiao"]

[sub_resource type="AnimationNodeStateMachineTransition" id="AnimationNodeStateMachineTransition_3qlsd"]

[sub_resource type="AnimationNodeStateMachineTransition" id="AnimationNodeStateMachineTransition_gc0om"]

[sub_resource type="AnimationNodeStateMachineTransition" id="AnimationNodeStateMachineTransition_4yo3w"]

[sub_resource type="AnimationNodeStateMachineTransition" id="AnimationNodeStateMachineTransition_y7lvi"]

[sub_resource type="AnimationNodeStateMachineTransition" id="AnimationNodeStateMachineTransition_n2bar"]
switch_mode = 2

[sub_resource type="AnimationNodeStateMachineTransition" id="AnimationNodeStateMachineTransition_p4kgl"]
switch_mode = 2

[sub_resource type="AnimationNodeStateMachineTransition" id="AnimationNodeStateMachineTransition_8ksvg"]
switch_mode = 2

[sub_resource type="AnimationNodeStateMachineTransition" id="AnimationNodeStateMachineTransition_reug6"]
switch_mode = 2

[sub_resource type="AnimationNodeStateMachineTransition" id="AnimationNodeStateMachineTransition_batt5"]
xfade_time = 0.1
advance_mode = 2
advance_condition = &"jumping"

[sub_resource type="AnimationNodeStateMachineTransition" id="AnimationNodeStateMachineTransition_6xc0w"]
advance_mode = 2
advance_condition = &"grounded"

[sub_resource type="AnimationNodeStateMachineTransition" id="AnimationNodeStateMachineTransition_fxqi7"]
xfade_time = 0.1
switch_mode = 2
advance_mode = 2
advance_condition = &"jumping"

[sub_resource type="AnimationNodeStateMachineTransition" id="AnimationNodeStateMachineTransition_0shyw"]
xfade_time = 0.1
switch_mode = 2
advance_mode = 2
advance_condition = &"grounded"

[sub_resource type="AnimationNodeStateMachineTransition" id="AnimationNodeStateMachineTransition_2cuk6"]

[sub_resource type="AnimationNodeStateMachine" id="AnimationNodeStateMachine_h8sqv"]
states/1H_Melee_Attack_Chop/node = SubResource("AnimationNodeAnimation_yivl0")
states/1H_Melee_Attack_Chop/position = Vector2(633, 61)
states/1H_Melee_Attack_Slice_Diagonal/node = SubResource("AnimationNodeAnimation_3tl2l")
states/1H_Melee_Attack_Slice_Diagonal/position = Vector2(368, 61)
states/1H_Melee_Attack_Slice_Horizontal/node = SubResource("AnimationNodeAnimation_bo75t")
states/1H_Melee_Attack_Slice_Horizontal/position = Vector2(933, 61)
states/Death_A/node = SubResource("AnimationNodeAnimation_vc71a")
states/Death_A/position = Vector2(933, 210)
states/End/position = Vector2(1054, 317)
states/IWR/node = SubResource("AnimationNodeBlendSpace2D_jtjam")
states/IWR/position = Vector2(633, 210)
states/Interact/node = SubResource("AnimationNodeAnimation_cjeof")
states/Interact/position = Vector2(368, 210)
states/Jump_Idle/node = SubResource("AnimationNodeAnimation_v5ydi")
states/Jump_Idle/position = Vector2(633, 436)
states/Jump_Land/node = SubResource("AnimationNodeAnimation_iq7mg")
states/Jump_Land/position = Vector2(761, 317)
states/Jump_Start/node = SubResource("AnimationNodeAnimation_1j8gj")
states/Jump_Start/position = Vector2(507, 317)
states/Start/position = Vector2(163, 331)
transitions = ["Start", "IWR", SubResource("AnimationNodeStateMachineTransition_qw14k"), "IWR", "Interact", SubResource("AnimationNodeStateMachineTransition_xaiao"), "IWR", "1H_Melee_Attack_Slice_Diagonal", SubResource("AnimationNodeStateMachineTransition_3qlsd"), "IWR", "1H_Melee_Attack_Chop", SubResource("AnimationNodeStateMachineTransition_gc0om"), "IWR", "1H_Melee_Attack_Slice_Horizontal", SubResource("AnimationNodeStateMachineTransition_4yo3w"), "IWR", "Death_A", SubResource("AnimationNodeStateMachineTransition_y7lvi"), "1H_Melee_Attack_Slice_Diagonal", "IWR", SubResource("AnimationNodeStateMachineTransition_n2bar"), "Interact", "IWR", SubResource("AnimationNodeStateMachineTransition_p4kgl"), "1H_Melee_Attack_Chop", "IWR", SubResource("AnimationNodeStateMachineTransition_8ksvg"), "1H_Melee_Attack_Slice_Horizontal", "IWR", SubResource("AnimationNodeStateMachineTransition_reug6"), "IWR", "Jump_Start", SubResource("AnimationNodeStateMachineTransition_batt5"), "Jump_Idle", "Jump_Land", SubResource("AnimationNodeStateMachineTransition_6xc0w"), "Jump_Start", "Jump_Idle", SubResource("AnimationNodeStateMachineTransition_fxqi7"), "Jump_Land", "IWR", SubResource("AnimationNodeStateMachineTransition_0shyw"), "IWR", "Jump_Idle", SubResource("AnimationNodeStateMachineTransition_2cuk6")]
graph_offset = Vector2(0, 217.82)

[node name="Player" instance=ExtResource("1_ku6ws")]
script = ExtResource("2_wc7ii")

[node name="Collision" type="CollisionShape3D" parent="." index="0"]
transform = Transform3D(1, 0, 0, 0, 1, 0, 0, 0, 1, 0, 1, 0)
shape = SubResource("CylinderShape3D_ouo7s")

[node name="Skeleton3D" parent="Rig" index="0"]
transform = Transform3D(-1, 0, -8.74228e-08, 0, 1, 0, 8.74228e-08, 0, -1, 0, 0, 0)
bones/0/position = Vector3(0, 0.00104854, 0)
bones/1/position = Vector3(0, 0.371849, 0)
bones/1/rotation = Quaternion(0.00353634, 0.0415671, 0.000147127, 0.999129)
bones/2/rotation = Quaternion(0.00416993, 0.00355035, -0.000279418, 0.999985)
bones/3/rotation = Quaternion(0.00155403, 5.83535e-05, 0.000300202, 0.999999)
bones/4/position = Vector3(0.211882, 0.133718, -0.00177572)
bones/4/rotation = Quaternion(-0.555632, -0.066159, -0.647791, 0.516975)
bones/5/rotation = Quaternion(2.78846e-08, -4.52307e-08, -0.504105, 0.863642)
bones/7/rotation = Quaternion(-0.316791, -0.332974, 0.128347, 0.878805)
bones/8/rotation = Quaternion(-0.000648365, 0.00342734, -0.696411, 0.717635)
bones/14/position = Vector3(-0.211188, 0.13337, -0.00158825)
bones/14/rotation = Quaternion(-0.619278, 0.0825381, 0.616074, 0.479724)
bones/15/rotation = Quaternion(2.97762e-08, 5.44422e-08, 0.524179, 0.851608)
bones/17/rotation = Quaternion(-0.320576, 0.307887, -0.205075, 0.871998)
bones/18/rotation = Quaternion(0.00215456, 0.00279386, 0.697182, 0.716886)
bones/21/rotation = Quaternion(-0.0048089, -0.0330874, 0.000322844, 0.999441)
bones/24/position = Vector3(0.170945, 0.113587, 0.00173985)
bones/24/rotation = Quaternion(0.989525, 0.0813705, 0.0749409, 0.0927539)
bones/25/rotation = Quaternion(0.383033, 5.9081e-08, -2.60349e-07, 0.923735)
bones/26/rotation = Quaternion(-0.615995, -0.193718, 0.0736907, 0.759996)
bones/28/position = Vector3(-0.170945, 0.113587, -0.00173982)
bones/28/rotation = Quaternion(0.991863, -0.031976, 0.0288235, 0.119808)
bones/29/rotation = Quaternion(0.447084, -5.83468e-08, 3.11132e-07, 0.894492)
bones/30/rotation = Quaternion(-0.633674, 0.108641, -0.0213845, 0.765635)
bones/31/rotation = Quaternion(3.04791e-08, 0.920355, -0.391084, -6.94849e-08)
bones/32/position = Vector3(0.170945, 0.2939, 0.577403)
bones/32/rotation = Quaternion(0.707107, -2.29302e-07, -4.60552e-08, 0.707107)
bones/33/position = Vector3(0.20103, 0.0303114, 0.213925)
bones/33/rotation = Quaternion(-0.711539, -6.99791e-08, -7.10751e-08, 0.702646)
bones/34/rotation = Quaternion(9.30504e-09, 1.71453e-09, 0.986751, -0.162245)
bones/35/rotation = Quaternion(-1.04035e-07, 0.391084, 0.920355, -2.9526e-08)
bones/37/rotation = Quaternion(1, -3.04313e-15, 1.94707e-07, -6.66233e-22)
bones/39/position = Vector3(-0.170945, 0.2939, 0.577402)
bones/39/rotation = Quaternion(0.707107, -3.82385e-08, 1.45009e-07, 0.707107)
bones/40/position = Vector3(-0.170945, 0.0292033, 0.223052)
bones/40/rotation = Quaternion(-0.682399, -7.3148e-08, -6.78258e-08, 0.73098)
bones/41/rotation = Quaternion(-5.62142e-09, 6.20176e-10, 0.995185, 0.0980165)
bones/42/rotation = Quaternion(-1.04035e-07, 0.391084, 0.920355, -2.95261e-08)
bones/44/rotation = Quaternion(1, 4.44086e-16, 1.94707e-07, 6.66233e-22)
bones/46/position = Vector3(0.453507, 1.09939, -0.592547)
bones/47/position = Vector3(0.520558, 0.770625, -0.0502516)
bones/47/rotation = Quaternion(0.784977, 0.0153698, 0.619308, 0.00576183)
bones/48/position = Vector3(-0.453507, 1.09939, -0.592547)
bones/49/position = Vector3(-0.51093, 0.770625, 0.062795)
bones/49/rotation = Quaternion(-0.749026, 0.0168033, 0.662299, -0.00605665)

[node name="1H_Sword_Offhand" parent="Rig/Skeleton3D" index="0"]
transform = Transform3D(0.00530163, 0.235121, 0.971951, 0.999956, 0.00611721, -0.00693388, -0.00757569, 0.971946, -0.235079, 0.508399, 0.619035, 0.0119278)
visible = false
bone_idx = 9

[node name="Badge_Shield" parent="Rig/Skeleton3D" index="1"]
transform = Transform3D(0.00530158, 0.235121, 0.971951, 0.999956, 0.00611468, -0.00693321, -0.00757306, 0.971946, -0.235079, 0.659912, 0.617954, -0.0247175)
visible = false
bone_idx = 10

[node name="Rectangle_Shield" parent="Rig/Skeleton3D" index="2"]
transform = Transform3D(0.00530158, 0.235121, 0.971951, 0.999956, 0.00611468, -0.00693321, -0.00757306, 0.971946, -0.235079, 0.659912, 0.617954, -0.0247175)
visible = false
bone_idx = 11

[node name="Round_Shield" parent="Rig/Skeleton3D" index="3"]
transform = Transform3D(0.00530158, 0.235121, 0.971951, 0.999956, 0.00611468, -0.00693321, -0.00757306, 0.971946, -0.235079, 0.659912, 0.617954, -0.0247175)
visible = false
bone_idx = 12

[node name="Spike_Shield" parent="Rig/Skeleton3D" index="4"]
transform = Transform3D(0.00530158, 0.235121, 0.971951, 0.999956, 0.00611468, -0.00693321, -0.00757306, 0.971946, -0.235079, 0.659912, 0.617954, -0.0247175)
visible = false
bone_idx = 13

[node name="1H_Sword" parent="Rig/Skeleton3D" index="5"]
transform = Transform3D(-0.0144708, -0.141221, 0.989872, 0.999817, 0.0102436, 0.0160772, -0.01241, 0.989924, 0.141047, -0.492388, 0.62399, 0.150232)
visible = false
bone_idx = 19

[node name="2H_Sword" parent="Rig/Skeleton3D" index="6"]
transform = Transform3D(-0.0144708, -0.141221, 0.989872, 0.999817, 0.0102436, 0.0160772, -0.01241, 0.989924, 0.141047, -0.492388, 0.62399, 0.150232)
visible = false
bone_idx = 20

[node name="Knight_Helmet" parent="Rig/Skeleton3D" index="7"]
transform = Transform3D(0.999708, -0.000233896, 0.0241812, 0.000449594, 0.99996, -0.00891503, -0.0241782, 0.00892329, 0.999668, 0.000744437, 1.18303, 0.0118521)
visible = false
bone_idx = 22

[node name="Knight_Cape" parent="Rig/Skeleton3D" index="8"]
transform = Transform3D(0.995919, 0.000961312, 0.0902447, 0.00071117, 0.999829, -0.0184988, -0.090247, 0.0184875, 0.995748, 0.000713432, 1.18303, 0.0116078)
bone_idx = 23

[node name="AnimationTree" type="AnimationTree" parent="." index="3"]
tree_root = SubResource("AnimationNodeStateMachine_h8sqv")
anim_player = NodePath("../AnimationPlayer")
active = true
parameters/conditions/grounded = false
parameters/conditions/jumping = false
parameters/IWR/blend_position = Vector2(0, 0.0368714)

[node name="SpringArm3D" type="SpringArm3D" parent="." index="4"]
transform = Transform3D(1, 0, 0, 0, 1, 0, 0, 0, 1, 0, 5, 0)
spring_length = 6.0

[node name="Camera3D" type="Camera3D" parent="SpringArm3D" index="0"]
transform = Transform3D(1, 0, 0, 0, 0.906308, 0.422618, 0, -0.422618, 0.906308, 0, 0, 0)
