[gd_scene load_steps=34 format=3 uid="uid://c8qdaxbsp6hw4"]

[ext_resource type="PackedScene" uid="uid://do1xgybmqdwxj" path="res://Assets/Characters/Knight.glb" id="1_ku6ws"]
[ext_resource type="Script" path="res://Scripts/Player/player.cs" id="2_wc7ii"]

[sub_resource type="CylinderShape3D" id="CylinderShape3D_ouo7s"]

[sub_resource type="AnimationNodeAnimation" id="AnimationNodeAnimation_yivl0"]
animation = &"1H_Melee_Attack_Chop"

[sub_resource type="AnimationNodeAnimation" id="AnimationNodeAnimation_3tl2l"]
animation = &"1H_Melee_Attack_Slice_Diagonal"

[sub_resource type="AnimationNodeAnimation" id="AnimationNodeAnimation_bo75t"]
animation = &"1H_Melee_Attack_Slice_Horizontal"

[sub_resource type="AnimationNodeAnimation" id="AnimationNodeAnimation_vc71a"]
animation = &"Death_A"

[sub_resource type="AnimationNodeAnimation" id="AnimationNodeAnimation_gcr7v"]
animation = &"Running_Strafe_Left"

[sub_resource type="AnimationNodeAnimation" id="AnimationNodeAnimation_b3xw5"]
animation = &"Running_Strafe_Right"

[sub_resource type="AnimationNodeAnimation" id="AnimationNodeAnimation_yvwv4"]
animation = &"Running_A"

[sub_resource type="AnimationNodeAnimation" id="AnimationNodeAnimation_vmoxg"]
animation = &"Walking_Backwards"

[sub_resource type="AnimationNodeAnimation" id="AnimationNodeAnimation_k2wqb"]
animation = &"Idle"

[sub_resource type="AnimationNodeBlendSpace2D" id="AnimationNodeBlendSpace2D_jtjam"]
blend_point_0/node = SubResource("AnimationNodeAnimation_gcr7v")
blend_point_0/pos = Vector2(-1, 0)
blend_point_1/node = SubResource("AnimationNodeAnimation_b3xw5")
blend_point_1/pos = Vector2(1, 0)
blend_point_2/node = SubResource("AnimationNodeAnimation_yvwv4")
blend_point_2/pos = Vector2(0, 1)
blend_point_3/node = SubResource("AnimationNodeAnimation_vmoxg")
blend_point_3/pos = Vector2(0, -1)
blend_point_4/node = SubResource("AnimationNodeAnimation_k2wqb")
blend_point_4/pos = Vector2(0, 0)

[sub_resource type="AnimationNodeAnimation" id="AnimationNodeAnimation_cjeof"]
animation = &"Interact"

[sub_resource type="AnimationNodeAnimation" id="AnimationNodeAnimation_v5ydi"]
animation = &"Jump_Idle"

[sub_resource type="AnimationNodeAnimation" id="AnimationNodeAnimation_iq7mg"]
animation = &"Jump_Land"

[sub_resource type="AnimationNodeAnimation" id="AnimationNodeAnimation_1j8gj"]
animation = &"Jump_Start"

[sub_resource type="AnimationNodeStateMachineTransition" id="AnimationNodeStateMachineTransition_qw14k"]
advance_mode = 2

[sub_resource type="AnimationNodeStateMachineTransition" id="AnimationNodeStateMachineTransition_xaiao"]

[sub_resource type="AnimationNodeStateMachineTransition" id="AnimationNodeStateMachineTransition_3qlsd"]

[sub_resource type="AnimationNodeStateMachineTransition" id="AnimationNodeStateMachineTransition_gc0om"]

[sub_resource type="AnimationNodeStateMachineTransition" id="AnimationNodeStateMachineTransition_4yo3w"]

[sub_resource type="AnimationNodeStateMachineTransition" id="AnimationNodeStateMachineTransition_y7lvi"]

[sub_resource type="AnimationNodeStateMachineTransition" id="AnimationNodeStateMachineTransition_n2bar"]
switch_mode = 2

[sub_resource type="AnimationNodeStateMachineTransition" id="AnimationNodeStateMachineTransition_p4kgl"]
switch_mode = 2

[sub_resource type="AnimationNodeStateMachineTransition" id="AnimationNodeStateMachineTransition_8ksvg"]
switch_mode = 2

[sub_resource type="AnimationNodeStateMachineTransition" id="AnimationNodeStateMachineTransition_reug6"]
switch_mode = 2

[sub_resource type="AnimationNodeStateMachineTransition" id="AnimationNodeStateMachineTransition_batt5"]
xfade_time = 0.1
advance_mode = 2
advance_condition = &"jumping"

[sub_resource type="AnimationNodeStateMachineTransition" id="AnimationNodeStateMachineTransition_6xc0w"]
advance_mode = 2
advance_condition = &"grounded"

[sub_resource type="AnimationNodeStateMachineTransition" id="AnimationNodeStateMachineTransition_fxqi7"]
xfade_time = 0.1
switch_mode = 2
advance_mode = 2
advance_condition = &"jumping"

[sub_resource type="AnimationNodeStateMachineTransition" id="AnimationNodeStateMachineTransition_0shyw"]
switch_mode = 2
advance_mode = 2
advance_condition = &"grounded"

[sub_resource type="AnimationNodeStateMachineTransition" id="AnimationNodeStateMachineTransition_2cuk6"]

[sub_resource type="AnimationNodeStateMachine" id="AnimationNodeStateMachine_h8sqv"]
states/1H_Melee_Attack_Chop/node = SubResource("AnimationNodeAnimation_yivl0")
states/1H_Melee_Attack_Chop/position = Vector2(633, 61)
states/1H_Melee_Attack_Slice_Diagonal/node = SubResource("AnimationNodeAnimation_3tl2l")
states/1H_Melee_Attack_Slice_Diagonal/position = Vector2(368, 61)
states/1H_Melee_Attack_Slice_Horizontal/node = SubResource("AnimationNodeAnimation_bo75t")
states/1H_Melee_Attack_Slice_Horizontal/position = Vector2(933, 61)
states/Death_A/node = SubResource("AnimationNodeAnimation_vc71a")
states/Death_A/position = Vector2(933, 210)
states/End/position = Vector2(1054, 317)
states/IWR/node = SubResource("AnimationNodeBlendSpace2D_jtjam")
states/IWR/position = Vector2(633, 210)
states/Interact/node = SubResource("AnimationNodeAnimation_cjeof")
states/Interact/position = Vector2(368, 210)
states/Jump_Idle/node = SubResource("AnimationNodeAnimation_v5ydi")
states/Jump_Idle/position = Vector2(633, 436)
states/Jump_Land/node = SubResource("AnimationNodeAnimation_iq7mg")
states/Jump_Land/position = Vector2(761, 317)
states/Jump_Start/node = SubResource("AnimationNodeAnimation_1j8gj")
states/Jump_Start/position = Vector2(507, 317)
states/Start/position = Vector2(163, 331)
transitions = ["Start", "IWR", SubResource("AnimationNodeStateMachineTransition_qw14k"), "IWR", "Interact", SubResource("AnimationNodeStateMachineTransition_xaiao"), "IWR", "1H_Melee_Attack_Slice_Diagonal", SubResource("AnimationNodeStateMachineTransition_3qlsd"), "IWR", "1H_Melee_Attack_Chop", SubResource("AnimationNodeStateMachineTransition_gc0om"), "IWR", "1H_Melee_Attack_Slice_Horizontal", SubResource("AnimationNodeStateMachineTransition_4yo3w"), "IWR", "Death_A", SubResource("AnimationNodeStateMachineTransition_y7lvi"), "1H_Melee_Attack_Slice_Diagonal", "IWR", SubResource("AnimationNodeStateMachineTransition_n2bar"), "Interact", "IWR", SubResource("AnimationNodeStateMachineTransition_p4kgl"), "1H_Melee_Attack_Chop", "IWR", SubResource("AnimationNodeStateMachineTransition_8ksvg"), "1H_Melee_Attack_Slice_Horizontal", "IWR", SubResource("AnimationNodeStateMachineTransition_reug6"), "IWR", "Jump_Start", SubResource("AnimationNodeStateMachineTransition_batt5"), "Jump_Idle", "Jump_Land", SubResource("AnimationNodeStateMachineTransition_6xc0w"), "Jump_Start", "Jump_Idle", SubResource("AnimationNodeStateMachineTransition_fxqi7"), "Jump_Land", "IWR", SubResource("AnimationNodeStateMachineTransition_0shyw"), "IWR", "Jump_Idle", SubResource("AnimationNodeStateMachineTransition_2cuk6")]
graph_offset = Vector2(0, 217.82)

[node name="Player" instance=ExtResource("1_ku6ws")]
script = ExtResource("2_wc7ii")

[node name="Collision" type="CollisionShape3D" parent="." index="0"]
transform = Transform3D(1, 0, 0, 0, 1, 0, 0, 0, 1, 0, 1, 0)
shape = SubResource("CylinderShape3D_ouo7s")

[node name="Skeleton3D" parent="Rig" index="0"]
transform = Transform3D(-1, 0, -8.74228e-08, 0, 1, 0, 8.74228e-08, 0, -1, 0, 0, 0)
bones/0/position = Vector3(0, 0.00056922, 0)
bones/1/position = Vector3(0, 0.381204, 0)
bones/1/rotation = Quaternion(0.00353757, 0.0415671, 0.000147178, 0.999129)
bones/2/rotation = Quaternion(0.00417629, -0.00253609, 0.000199595, 0.999988)
bones/3/rotation = Quaternion(0.00155405, -4.16213e-05, -0.000214123, 0.999999)
bones/4/position = Vector3(0.211287, 0.13342, -0.00161512)
bones/4/rotation = Quaternion(-0.566781, -0.0632902, -0.636639, 0.519081)
bones/5/rotation = Quaternion(3.12121e-08, -3.43377e-08, -0.509875, 0.860249)
bones/7/rotation = Quaternion(-0.322164, -0.329161, 0.131211, 0.877865)
bones/8/rotation = Quaternion(-0.00164151, 0.00241869, -0.70009, 0.714049)
bones/14/position = Vector3(-0.211782, 0.133668, -0.00174884)
bones/14/rotation = Quaternion(-0.618027, 0.0842413, 0.615675, 0.48155)
bones/15/rotation = Quaternion(2.35602e-08, 6.33722e-08, 0.53287, 0.846197)
bones/17/rotation = Quaternion(-0.318983, 0.305915, -0.212231, 0.871564)
bones/18/rotation = Quaternion(-0.000781681, -0.000591283, 0.700229, 0.713918)
bones/21/rotation = Quaternion(-0.00482414, -0.0285749, 4.70556e-05, 0.99958)
bones/24/position = Vector3(0.170945, 0.113587, -0.000288695)
bones/24/rotation = Quaternion(0.992084, 0.080644, 0.0732781, 0.0624222)
bones/25/rotation = Quaternion(0.339352, 6.17705e-08, -2.32816e-07, 0.940659)
bones/26/rotation = Quaternion(-0.575232, -0.197781, 0.0602053, 0.791433)
bones/28/position = Vector3(-0.170945, 0.113587, 0.000288723)
bones/28/rotation = Quaternion(0.994127, -0.0301784, 0.0296534, 0.0996023)
bones/29/rotation = Quaternion(0.363001, -6.14474e-08, 2.53217e-07, 0.931789)
bones/30/rotation = Quaternion(-0.605614, 0.109467, -0.0163435, 0.788024)
bones/31/rotation = Quaternion(3.04791e-08, 0.920355, -0.391084, -6.94849e-08)
bones/32/position = Vector3(0.170945, 0.294859, 0.578361)
bones/32/rotation = Quaternion(0.707107, -2.29302e-07, -4.60552e-08, 0.707107)
bones/33/position = Vector3(0.20103, 0.0280736, 0.189673)
bones/33/rotation = Quaternion(-0.685107, -7.24086e-08, -6.85821e-08, 0.728443)
bones/34/rotation = Quaternion(9.30504e-09, 1.71453e-09, 0.986751, -0.162245)
bones/35/rotation = Quaternion(-1.04035e-07, 0.391084, 0.920355, -2.9526e-08)
bones/37/rotation = Quaternion(1, -3.04313e-15, 1.94707e-07, -6.66233e-22)
bones/39/position = Vector3(-0.170945, 0.294859, 0.578361)
bones/39/rotation = Quaternion(0.707107, -3.82385e-08, 1.45009e-07, 0.707107)
bones/40/position = Vector3(-0.170945, 0.0264746, 0.248247)
bones/40/rotation = Quaternion(-0.707789, -7.04817e-08, -7.05752e-08, 0.706424)
bones/41/rotation = Quaternion(-5.62142e-09, 6.20176e-10, 0.995185, 0.0980165)
bones/42/rotation = Quaternion(-1.04035e-07, 0.391084, 0.920355, -2.95261e-08)
bones/44/rotation = Quaternion(1, 4.44086e-16, 1.94707e-07, 6.66233e-22)
bones/46/position = Vector3(0.453507, 1.09939, -0.592547)
bones/47/position = Vector3(0.520558, 0.782871, -0.0497128)
bones/47/rotation = Quaternion(0.784647, 0.0160248, 0.619705, 0.00624849)
bones/48/position = Vector3(-0.453507, 1.09939, -0.592547)
bones/49/position = Vector3(-0.51093, 0.782871, 0.0633337)
bones/49/rotation = Quaternion(-0.748673, 0.017484, 0.662677, -0.00650644)

[node name="1H_Sword_Offhand" parent="Rig/Skeleton3D" index="0"]
transform = Transform3D(0.00874328, 0.237818, 0.97127, 0.999666, 0.0215099, -0.0142653, -0.0242843, 0.971071, -0.237551, 0.508855, 0.632096, 0.015416)
visible = false
bone_idx = 9

[node name="Badge_Shield" parent="Rig/Skeleton3D" index="1"]
transform = Transform3D(0.00874323, 0.237818, 0.97127, 0.999666, 0.0215073, -0.0142646, -0.0242816, 0.971071, -0.237551, 0.660262, 0.629872, -0.0216147)
visible = false
bone_idx = 10

[node name="Rectangle_Shield" parent="Rig/Skeleton3D" index="2"]
transform = Transform3D(0.00874323, 0.237818, 0.97127, 0.999666, 0.0215073, -0.0142646, -0.0242816, 0.971071, -0.237551, 0.660262, 0.629872, -0.0216147)
visible = false
bone_idx = 11

[node name="Round_Shield" parent="Rig/Skeleton3D" index="3"]
transform = Transform3D(0.00874323, 0.237818, 0.97127, 0.999666, 0.0215073, -0.0142646, -0.0242816, 0.971071, -0.237551, 0.660262, 0.629872, -0.0216147)
visible = false
bone_idx = 12

[node name="Spike_Shield" parent="Rig/Skeleton3D" index="4"]
transform = Transform3D(0.00874323, 0.237818, 0.97127, 0.999666, 0.0215073, -0.0142646, -0.0242816, 0.971071, -0.237551, 0.660262, 0.629872, -0.0216147)
visible = false
bone_idx = 13

[node name="1H_Sword" parent="Rig/Skeleton3D" index="5"]
transform = Transform3D(-0.0075242, -0.130316, 0.991443, 0.999781, 0.0183345, 0.00999706, -0.0194802, 0.991302, 0.130149, -0.492297, 0.636429, 0.149055)
visible = false
bone_idx = 19

[node name="2H_Sword" parent="Rig/Skeleton3D" index="6"]
transform = Transform3D(-0.00752422, -0.130316, 0.991443, 0.999781, 0.0183345, 0.00999707, -0.0194801, 0.991302, 0.130149, -0.492297, 0.636429, 0.149055)
visible = false
bone_idx = 20

[node name="Knight_Helmet" parent="Rig/Skeleton3D" index="7"]
transform = Transform3D(0.999783, 0.000373372, 0.020847, -0.000188319, 0.99996, -0.00887801, -0.0208495, 0.00887215, 0.999743, 0.000347734, 1.19191, 0.0118955)
visible = false
bone_idx = 22

[node name="Knight_Cape" parent="Rig/Skeleton3D" index="8"]
transform = Transform3D(0.996959, 0.000944043, 0.0779214, 0.000500777, 0.999828, -0.0185204, -0.0779255, 0.0185031, 0.996787, 0.000332677, 1.19191, 0.0116496)
bone_idx = 23

[node name="AnimationTree" type="AnimationTree" parent="." index="3"]
tree_root = SubResource("AnimationNodeStateMachine_h8sqv")
anim_player = NodePath("../AnimationPlayer")
active = true
parameters/conditions/grounded = false
parameters/conditions/jumping = false
parameters/IWR/blend_position = Vector2(0, 0.0368714)

[node name="SpringArm3D" type="SpringArm3D" parent="." index="4"]
transform = Transform3D(1, 0, 0, 0, 1, 0, 0, 0, 1, 0, 5, 0)
spring_length = 6.0

[node name="Camera3D" type="Camera3D" parent="SpringArm3D" index="0"]
transform = Transform3D(1, 0, 0, 0, 0.906308, 0.422618, 0, -0.422618, 0.906308, 0, 0, 0)
