[gd_scene load_steps=34 format=3 uid="uid://c8qdaxbsp6hw4"]

[ext_resource type="PackedScene" uid="uid://do1xgybmqdwxj" path="res://Assets/Characters/Knight.glb" id="1_ku6ws"]
[ext_resource type="Script" path="res://Scripts/Player/player.cs" id="2_wc7ii"]

[sub_resource type="CylinderShape3D" id="CylinderShape3D_ouo7s"]

[sub_resource type="AnimationNodeAnimation" id="AnimationNodeAnimation_yivl0"]
animation = &"1H_Melee_Attack_Chop"

[sub_resource type="AnimationNodeAnimation" id="AnimationNodeAnimation_3tl2l"]
animation = &"1H_Melee_Attack_Slice_Diagonal"

[sub_resource type="AnimationNodeAnimation" id="AnimationNodeAnimation_bo75t"]
animation = &"1H_Melee_Attack_Slice_Horizontal"

[sub_resource type="AnimationNodeAnimation" id="AnimationNodeAnimation_vc71a"]
animation = &"Death_A"

[sub_resource type="AnimationNodeAnimation" id="AnimationNodeAnimation_gcr7v"]
animation = &"Running_Strafe_Left"

[sub_resource type="AnimationNodeAnimation" id="AnimationNodeAnimation_b3xw5"]
animation = &"Running_Strafe_Right"

[sub_resource type="AnimationNodeAnimation" id="AnimationNodeAnimation_yvwv4"]
animation = &"Running_A"

[sub_resource type="AnimationNodeAnimation" id="AnimationNodeAnimation_vmoxg"]
animation = &"Walking_Backwards"

[sub_resource type="AnimationNodeAnimation" id="AnimationNodeAnimation_k2wqb"]
animation = &"Idle"

[sub_resource type="AnimationNodeBlendSpace2D" id="AnimationNodeBlendSpace2D_jtjam"]
blend_point_0/node = SubResource("AnimationNodeAnimation_gcr7v")
blend_point_0/pos = Vector2(-1, 0)
blend_point_1/node = SubResource("AnimationNodeAnimation_b3xw5")
blend_point_1/pos = Vector2(1, 0)
blend_point_2/node = SubResource("AnimationNodeAnimation_yvwv4")
blend_point_2/pos = Vector2(0, 1)
blend_point_3/node = SubResource("AnimationNodeAnimation_vmoxg")
blend_point_3/pos = Vector2(0, -1)
blend_point_4/node = SubResource("AnimationNodeAnimation_k2wqb")
blend_point_4/pos = Vector2(0, 0)

[sub_resource type="AnimationNodeAnimation" id="AnimationNodeAnimation_cjeof"]
animation = &"Interact"

[sub_resource type="AnimationNodeAnimation" id="AnimationNodeAnimation_v5ydi"]
animation = &"Jump_Idle"

[sub_resource type="AnimationNodeAnimation" id="AnimationNodeAnimation_iq7mg"]
animation = &"Jump_Land"

[sub_resource type="AnimationNodeAnimation" id="AnimationNodeAnimation_1j8gj"]
animation = &"Jump_Start"

[sub_resource type="AnimationNodeStateMachineTransition" id="AnimationNodeStateMachineTransition_qw14k"]
advance_mode = 2

[sub_resource type="AnimationNodeStateMachineTransition" id="AnimationNodeStateMachineTransition_xaiao"]

[sub_resource type="AnimationNodeStateMachineTransition" id="AnimationNodeStateMachineTransition_3qlsd"]

[sub_resource type="AnimationNodeStateMachineTransition" id="AnimationNodeStateMachineTransition_gc0om"]

[sub_resource type="AnimationNodeStateMachineTransition" id="AnimationNodeStateMachineTransition_4yo3w"]

[sub_resource type="AnimationNodeStateMachineTransition" id="AnimationNodeStateMachineTransition_y7lvi"]

[sub_resource type="AnimationNodeStateMachineTransition" id="AnimationNodeStateMachineTransition_n2bar"]
switch_mode = 2

[sub_resource type="AnimationNodeStateMachineTransition" id="AnimationNodeStateMachineTransition_p4kgl"]
switch_mode = 2

[sub_resource type="AnimationNodeStateMachineTransition" id="AnimationNodeStateMachineTransition_8ksvg"]
switch_mode = 2

[sub_resource type="AnimationNodeStateMachineTransition" id="AnimationNodeStateMachineTransition_reug6"]
switch_mode = 2

[sub_resource type="AnimationNodeStateMachineTransition" id="AnimationNodeStateMachineTransition_batt5"]
xfade_time = 0.1
advance_mode = 2
advance_condition = &"jumping"

[sub_resource type="AnimationNodeStateMachineTransition" id="AnimationNodeStateMachineTransition_6xc0w"]
advance_mode = 2
advance_condition = &"grounded"

[sub_resource type="AnimationNodeStateMachineTransition" id="AnimationNodeStateMachineTransition_fxqi7"]
xfade_time = 0.1
switch_mode = 2
advance_mode = 2
advance_condition = &"jumping"

[sub_resource type="AnimationNodeStateMachineTransition" id="AnimationNodeStateMachineTransition_0shyw"]
xfade_time = 0.1
switch_mode = 1
advance_mode = 2
advance_condition = &"grounded"

[sub_resource type="AnimationNodeStateMachineTransition" id="AnimationNodeStateMachineTransition_2cuk6"]

[sub_resource type="AnimationNodeStateMachine" id="AnimationNodeStateMachine_h8sqv"]
states/1H_Melee_Attack_Chop/node = SubResource("AnimationNodeAnimation_yivl0")
states/1H_Melee_Attack_Chop/position = Vector2(633, 61)
states/1H_Melee_Attack_Slice_Diagonal/node = SubResource("AnimationNodeAnimation_3tl2l")
states/1H_Melee_Attack_Slice_Diagonal/position = Vector2(368, 61)
states/1H_Melee_Attack_Slice_Horizontal/node = SubResource("AnimationNodeAnimation_bo75t")
states/1H_Melee_Attack_Slice_Horizontal/position = Vector2(933, 61)
states/Death_A/node = SubResource("AnimationNodeAnimation_vc71a")
states/Death_A/position = Vector2(933, 210)
states/End/position = Vector2(1054, 317)
states/IWR/node = SubResource("AnimationNodeBlendSpace2D_jtjam")
states/IWR/position = Vector2(633, 210)
states/Interact/node = SubResource("AnimationNodeAnimation_cjeof")
states/Interact/position = Vector2(368, 210)
states/Jump_Idle/node = SubResource("AnimationNodeAnimation_v5ydi")
states/Jump_Idle/position = Vector2(633, 436)
states/Jump_Land/node = SubResource("AnimationNodeAnimation_iq7mg")
states/Jump_Land/position = Vector2(761, 317)
states/Jump_Start/node = SubResource("AnimationNodeAnimation_1j8gj")
states/Jump_Start/position = Vector2(507, 317)
states/Start/position = Vector2(163, 331)
transitions = ["Start", "IWR", SubResource("AnimationNodeStateMachineTransition_qw14k"), "IWR", "Interact", SubResource("AnimationNodeStateMachineTransition_xaiao"), "IWR", "1H_Melee_Attack_Slice_Diagonal", SubResource("AnimationNodeStateMachineTransition_3qlsd"), "IWR", "1H_Melee_Attack_Chop", SubResource("AnimationNodeStateMachineTransition_gc0om"), "IWR", "1H_Melee_Attack_Slice_Horizontal", SubResource("AnimationNodeStateMachineTransition_4yo3w"), "IWR", "Death_A", SubResource("AnimationNodeStateMachineTransition_y7lvi"), "1H_Melee_Attack_Slice_Diagonal", "IWR", SubResource("AnimationNodeStateMachineTransition_n2bar"), "Interact", "IWR", SubResource("AnimationNodeStateMachineTransition_p4kgl"), "1H_Melee_Attack_Chop", "IWR", SubResource("AnimationNodeStateMachineTransition_8ksvg"), "1H_Melee_Attack_Slice_Horizontal", "IWR", SubResource("AnimationNodeStateMachineTransition_reug6"), "IWR", "Jump_Start", SubResource("AnimationNodeStateMachineTransition_batt5"), "Jump_Idle", "Jump_Land", SubResource("AnimationNodeStateMachineTransition_6xc0w"), "Jump_Start", "Jump_Idle", SubResource("AnimationNodeStateMachineTransition_fxqi7"), "Jump_Land", "IWR", SubResource("AnimationNodeStateMachineTransition_0shyw"), "IWR", "Jump_Idle", SubResource("AnimationNodeStateMachineTransition_2cuk6")]
graph_offset = Vector2(0, 217.82)

[node name="Player" instance=ExtResource("1_ku6ws")]
script = ExtResource("2_wc7ii")

[node name="Collision" type="CollisionShape3D" parent="." index="0"]
transform = Transform3D(1, 0, 0, 0, 1, 0, 0, 0, 1, 0, 1, 0)
shape = SubResource("CylinderShape3D_ouo7s")

[node name="Skeleton3D" parent="Rig" index="0"]
transform = Transform3D(-1, 0, -8.74228e-08, 0, 1, 0, 8.74228e-08, 0, -1, 0, 0, 0)
bones/0/position = Vector3(0, 0.000157089, 0)
bones/1/position = Vector3(0, 0.368146, 0)
bones/1/rotation = Quaternion(0.00366147, 0.0415671, 0.000152333, 0.999129)
bones/2/rotation = Quaternion(0.00418126, -0.00126877, 9.98544e-05, 0.99999)
bones/3/rotation = Quaternion(0.00155406, -2.07967e-05, -0.00010699, 0.999999)
bones/4/position = Vector3(0.211411, 0.133482, -0.00164858)
bones/4/rotation = Quaternion(-0.56064, -0.0627494, -0.639316, 0.522514)
bones/5/rotation = Quaternion(3.02747e-08, -3.92789e-08, -0.513201, 0.858268)
bones/7/rotation = Quaternion(-0.319642, -0.336525, 0.129294, 0.876278)
bones/8/rotation = Quaternion(-0.000794234, 0.00327921, -0.696952, 0.71711)
bones/14/position = Vector3(-0.211659, 0.133606, -0.00171539)
bones/14/rotation = Quaternion(-0.614812, 0.083013, 0.616094, 0.485329)
bones/15/rotation = Quaternion(4.01765e-08, 3.37802e-08, 0.535511, 0.844529)
bones/17/rotation = Quaternion(-0.318339, 0.312975, -0.209622, 0.869923)
bones/18/rotation = Quaternion(0.00181552, 0.00240298, 0.697535, 0.716544)
bones/21/rotation = Quaternion(-0.00482445, -0.0300654, 0.000138308, 0.999536)
bones/24/position = Vector3(0.170945, 0.113587, 0.00136346)
bones/24/rotation = Quaternion(0.988579, 0.0819334, 0.0747184, 0.10206)
bones/25/rotation = Quaternion(0.428732, 5.43195e-08, -2.9082e-07, 0.903432)
bones/26/rotation = Quaternion(-0.625464, -0.192676, 0.0766024, 0.752199)
bones/28/position = Vector3(-0.170945, 0.113587, -0.00136343)
bones/28/rotation = Quaternion(0.991175, -0.0321573, 0.0287969, 0.125335)
bones/29/rotation = Quaternion(0.44205, -5.88141e-08, 3.11021e-07, 0.89699)
bones/30/rotation = Quaternion(-0.648783, 0.108165, -0.0237111, 0.752874)
bones/31/rotation = Quaternion(2.92698e-08, 0.918631, -0.395116, -6.93607e-08)
bones/32/position = Vector3(0.170945, 0.295683, 0.579185)
bones/32/rotation = Quaternion(0.707107, -2.29302e-07, -4.60552e-08, 0.707107)
bones/33/position = Vector3(0.20103, 0.0264123, 0.199384)
bones/33/rotation = Quaternion(-0.691522, -7.17864e-08, -6.9237e-08, 0.722355)
bones/34/rotation = Quaternion(9.30504e-09, 1.71453e-09, 0.986751, -0.162245)
bones/35/rotation = Quaternion(-1.04035e-07, 0.391084, 0.920355, -2.9526e-08)
bones/37/rotation = Quaternion(1, -3.04313e-15, 1.94707e-07, -6.66233e-22)
bones/39/position = Vector3(-0.170945, 0.295683, 0.579185)
bones/39/rotation = Quaternion(0.707107, -3.82385e-08, 1.45009e-07, 0.707107)
bones/40/position = Vector3(-0.170945, 0.0241243, 0.242024)
bones/40/rotation = Quaternion(-0.704752, -7.07626e-08, -7.02936e-08, 0.709454)
bones/41/rotation = Quaternion(-5.62142e-09, 6.20176e-10, 0.995185, 0.0980165)
bones/42/rotation = Quaternion(-1.04035e-07, 0.391084, 0.920355, -2.95261e-08)
bones/44/rotation = Quaternion(1, 4.44086e-16, 1.94707e-07, 6.66233e-22)
bones/46/position = Vector3(0.453507, 1.09939, -0.592547)
bones/47/position = Vector3(0.520558, 0.770877, -0.0492496)
bones/47/rotation = Quaternion(0.784363, 0.0165936, 0.620045, 0.0066608)
bones/48/position = Vector3(-0.453507, 1.09939, -0.592547)
bones/49/position = Vector3(-0.51093, 0.770877, 0.0637969)
bones/49/rotation = Quaternion(-0.74837, 0.0180745, 0.663, -0.00688672)

[node name="1H_Sword_Offhand" parent="Rig/Skeleton3D" index="0"]
transform = Transform3D(0.00833896, 0.238825, 0.971026, 0.999806, 0.0152754, -0.0123428, -0.0177804, 0.970942, -0.238652, 0.508128, 0.619232, 0.0159744)
visible = false
bone_idx = 9

[node name="Badge_Shield" parent="Rig/Skeleton3D" index="1"]
transform = Transform3D(0.00833891, 0.238825, 0.971026, 0.999806, 0.0152729, -0.0123421, -0.0177778, 0.970942, -0.238651, 0.659497, 0.617308, -0.0212279)
visible = false
bone_idx = 10

[node name="Rectangle_Shield" parent="Rig/Skeleton3D" index="2"]
transform = Transform3D(0.00833891, 0.238825, 0.971026, 0.999806, 0.0152729, -0.0123421, -0.0177778, 0.970942, -0.238651, 0.659497, 0.617308, -0.0212279)
visible = false
bone_idx = 11

[node name="Round_Shield" parent="Rig/Skeleton3D" index="3"]
transform = Transform3D(0.00833891, 0.238825, 0.971026, 0.999806, 0.0152729, -0.0123421, -0.0177778, 0.970942, -0.238651, 0.659497, 0.617308, -0.0212279)
visible = false
bone_idx = 12

[node name="Spike_Shield" parent="Rig/Skeleton3D" index="4"]
transform = Transform3D(0.00833891, 0.238825, 0.971026, 0.999806, 0.0152729, -0.0123421, -0.0177778, 0.970942, -0.238651, 0.659497, 0.617308, -0.0212279)
visible = false
bone_idx = 13

[node name="1H_Sword" parent="Rig/Skeleton3D" index="5"]
transform = Transform3D(-0.0108513, -0.140276, 0.990052, 0.99981, 0.0144471, 0.013005, -0.0161274, 0.990006, 0.140093, -0.49196, 0.623941, 0.150371)
visible = false
bone_idx = 19

[node name="2H_Sword" parent="Rig/Skeleton3D" index="6"]
transform = Transform3D(-0.0108513, -0.140276, 0.990052, 0.99981, 0.0144471, 0.013005, -0.0161273, 0.990006, 0.140093, -0.49196, 0.623941, 0.150371)
visible = false
bone_idx = 20

[node name="Knight_Helmet" parent="Rig/Skeleton3D" index="7"]
transform = Transform3D(0.999791, 0.000185106, 0.020439, 1.71561e-06, 0.999958, -0.00914005, -0.0204399, 0.00913818, 0.999749, 0.000432572, 1.17843, 0.0120958)
visible = false
bone_idx = 22

[node name="Knight_Cape" parent="Rig/Skeleton3D" index="8"]
transform = Transform3D(0.996755, 0.000948516, 0.0804884, 0.00056468, 0.999824, -0.0187753, -0.080492, 0.0187599, 0.996579, 0.000412593, 1.17844, 0.0118501)
bone_idx = 23

[node name="AnimationTree" type="AnimationTree" parent="." index="3"]
tree_root = SubResource("AnimationNodeStateMachine_h8sqv")
anim_player = NodePath("../AnimationPlayer")
active = true
parameters/conditions/grounded = false
parameters/conditions/jumping = false
parameters/IWR/blend_position = Vector2(0, 0.0368714)

[node name="SpringArm3D" type="SpringArm3D" parent="." index="4"]
transform = Transform3D(1, 0, 0, 0, 1, 0, 0, 0, 1, 0, 5, 0)
spring_length = 6.0

[node name="Camera3D" type="Camera3D" parent="SpringArm3D" index="0"]
transform = Transform3D(1, 0, 0, 0, 0.906308, 0.422618, 0, -0.422618, 0.906308, 0, 0, 0)
