[gd_scene load_steps=34 format=3 uid="uid://c8qdaxbsp6hw4"]

[ext_resource type="PackedScene" uid="uid://do1xgybmqdwxj" path="res://Assets/Characters/Knight.glb" id="1_ku6ws"]
[ext_resource type="Script" path="res://Scripts/Player/player.cs" id="2_wc7ii"]

[sub_resource type="CylinderShape3D" id="CylinderShape3D_ouo7s"]

[sub_resource type="AnimationNodeAnimation" id="AnimationNodeAnimation_yivl0"]
animation = &"1H_Melee_Attack_Chop"

[sub_resource type="AnimationNodeAnimation" id="AnimationNodeAnimation_3tl2l"]
animation = &"1H_Melee_Attack_Slice_Diagonal"

[sub_resource type="AnimationNodeAnimation" id="AnimationNodeAnimation_bo75t"]
animation = &"1H_Melee_Attack_Slice_Horizontal"

[sub_resource type="AnimationNodeAnimation" id="AnimationNodeAnimation_vc71a"]
animation = &"Death_A"

[sub_resource type="AnimationNodeAnimation" id="AnimationNodeAnimation_gcr7v"]
animation = &"Running_Strafe_Left"

[sub_resource type="AnimationNodeAnimation" id="AnimationNodeAnimation_b3xw5"]
animation = &"Running_Strafe_Right"

[sub_resource type="AnimationNodeAnimation" id="AnimationNodeAnimation_yvwv4"]
animation = &"Running_A"

[sub_resource type="AnimationNodeAnimation" id="AnimationNodeAnimation_vmoxg"]
animation = &"Walking_Backwards"

[sub_resource type="AnimationNodeAnimation" id="AnimationNodeAnimation_k2wqb"]
animation = &"Idle"

[sub_resource type="AnimationNodeBlendSpace2D" id="AnimationNodeBlendSpace2D_jtjam"]
blend_point_0/node = SubResource("AnimationNodeAnimation_gcr7v")
blend_point_0/pos = Vector2(-1, 0)
blend_point_1/node = SubResource("AnimationNodeAnimation_b3xw5")
blend_point_1/pos = Vector2(1, 0)
blend_point_2/node = SubResource("AnimationNodeAnimation_yvwv4")
blend_point_2/pos = Vector2(0, 1)
blend_point_3/node = SubResource("AnimationNodeAnimation_vmoxg")
blend_point_3/pos = Vector2(0, -1)
blend_point_4/node = SubResource("AnimationNodeAnimation_k2wqb")
blend_point_4/pos = Vector2(0, 0)

[sub_resource type="AnimationNodeAnimation" id="AnimationNodeAnimation_cjeof"]
animation = &"Interact"

[sub_resource type="AnimationNodeAnimation" id="AnimationNodeAnimation_v5ydi"]
animation = &"Jump_Idle"

[sub_resource type="AnimationNodeAnimation" id="AnimationNodeAnimation_iq7mg"]
animation = &"Jump_Land"

[sub_resource type="AnimationNodeAnimation" id="AnimationNodeAnimation_1j8gj"]
animation = &"Jump_Start"

[sub_resource type="AnimationNodeStateMachineTransition" id="AnimationNodeStateMachineTransition_qw14k"]
advance_mode = 2

[sub_resource type="AnimationNodeStateMachineTransition" id="AnimationNodeStateMachineTransition_xaiao"]

[sub_resource type="AnimationNodeStateMachineTransition" id="AnimationNodeStateMachineTransition_3qlsd"]

[sub_resource type="AnimationNodeStateMachineTransition" id="AnimationNodeStateMachineTransition_gc0om"]

[sub_resource type="AnimationNodeStateMachineTransition" id="AnimationNodeStateMachineTransition_4yo3w"]

[sub_resource type="AnimationNodeStateMachineTransition" id="AnimationNodeStateMachineTransition_y7lvi"]

[sub_resource type="AnimationNodeStateMachineTransition" id="AnimationNodeStateMachineTransition_n2bar"]
switch_mode = 2

[sub_resource type="AnimationNodeStateMachineTransition" id="AnimationNodeStateMachineTransition_p4kgl"]
switch_mode = 2

[sub_resource type="AnimationNodeStateMachineTransition" id="AnimationNodeStateMachineTransition_8ksvg"]
switch_mode = 2

[sub_resource type="AnimationNodeStateMachineTransition" id="AnimationNodeStateMachineTransition_reug6"]
switch_mode = 2

[sub_resource type="AnimationNodeStateMachineTransition" id="AnimationNodeStateMachineTransition_batt5"]

[sub_resource type="AnimationNodeStateMachineTransition" id="AnimationNodeStateMachineTransition_6xc0w"]

[sub_resource type="AnimationNodeStateMachineTransition" id="AnimationNodeStateMachineTransition_fxqi7"]
switch_mode = 2

[sub_resource type="AnimationNodeStateMachineTransition" id="AnimationNodeStateMachineTransition_0shyw"]
xfade_time = 0.1
switch_mode = 2

[sub_resource type="AnimationNodeStateMachineTransition" id="AnimationNodeStateMachineTransition_2cuk6"]

[sub_resource type="AnimationNodeStateMachine" id="AnimationNodeStateMachine_h8sqv"]
states/1H_Melee_Attack_Chop/node = SubResource("AnimationNodeAnimation_yivl0")
states/1H_Melee_Attack_Chop/position = Vector2(633, 61)
states/1H_Melee_Attack_Slice_Diagonal/node = SubResource("AnimationNodeAnimation_3tl2l")
states/1H_Melee_Attack_Slice_Diagonal/position = Vector2(368, 61)
states/1H_Melee_Attack_Slice_Horizontal/node = SubResource("AnimationNodeAnimation_bo75t")
states/1H_Melee_Attack_Slice_Horizontal/position = Vector2(933, 61)
states/Death_A/node = SubResource("AnimationNodeAnimation_vc71a")
states/Death_A/position = Vector2(933, 210)
states/End/position = Vector2(1054, 317)
states/IWR/node = SubResource("AnimationNodeBlendSpace2D_jtjam")
states/IWR/position = Vector2(633, 210)
states/Interact/node = SubResource("AnimationNodeAnimation_cjeof")
states/Interact/position = Vector2(368, 210)
states/Jump_Idle/node = SubResource("AnimationNodeAnimation_v5ydi")
states/Jump_Idle/position = Vector2(633, 436)
states/Jump_Land/node = SubResource("AnimationNodeAnimation_iq7mg")
states/Jump_Land/position = Vector2(761, 317)
states/Jump_Start/node = SubResource("AnimationNodeAnimation_1j8gj")
states/Jump_Start/position = Vector2(507, 317)
states/Start/position = Vector2(163, 331)
transitions = ["Start", "IWR", SubResource("AnimationNodeStateMachineTransition_qw14k"), "IWR", "Interact", SubResource("AnimationNodeStateMachineTransition_xaiao"), "IWR", "1H_Melee_Attack_Slice_Diagonal", SubResource("AnimationNodeStateMachineTransition_3qlsd"), "IWR", "1H_Melee_Attack_Chop", SubResource("AnimationNodeStateMachineTransition_gc0om"), "IWR", "1H_Melee_Attack_Slice_Horizontal", SubResource("AnimationNodeStateMachineTransition_4yo3w"), "IWR", "Death_A", SubResource("AnimationNodeStateMachineTransition_y7lvi"), "1H_Melee_Attack_Slice_Diagonal", "IWR", SubResource("AnimationNodeStateMachineTransition_n2bar"), "Interact", "IWR", SubResource("AnimationNodeStateMachineTransition_p4kgl"), "1H_Melee_Attack_Chop", "IWR", SubResource("AnimationNodeStateMachineTransition_8ksvg"), "1H_Melee_Attack_Slice_Horizontal", "IWR", SubResource("AnimationNodeStateMachineTransition_reug6"), "IWR", "Jump_Start", SubResource("AnimationNodeStateMachineTransition_batt5"), "Jump_Idle", "Jump_Land", SubResource("AnimationNodeStateMachineTransition_6xc0w"), "Jump_Start", "Jump_Idle", SubResource("AnimationNodeStateMachineTransition_fxqi7"), "Jump_Land", "IWR", SubResource("AnimationNodeStateMachineTransition_0shyw"), "IWR", "Jump_Idle", SubResource("AnimationNodeStateMachineTransition_2cuk6")]

[node name="Player" instance=ExtResource("1_ku6ws")]
script = ExtResource("2_wc7ii")

[node name="Collision" type="CollisionShape3D" parent="." index="0"]
transform = Transform3D(1, 0, 0, 0, 1, 0, 0, 0, 1, 0, 1, 0)
shape = SubResource("CylinderShape3D_ouo7s")

[node name="Skeleton3D" parent="Rig" index="0"]
transform = Transform3D(-1, 0, -8.74228e-08, 0, 1, 0, 8.74228e-08, 0, -1, 0, 0, 0)
bones/0/position = Vector3(0, 0.000118404, 0)
bones/0/rotation = Quaternion(-2.88301e-11, 0.000837891, 4.99351e-11, 1)
bones/1/position = Vector3(-1.78467e-18, 0.388686, -4.25497e-25)
bones/1/rotation = Quaternion(0.000406053, 0.0429676, -9.39847e-05, 0.999076)
bones/2/rotation = Quaternion(0.000511717, -0.000794703, 0.000120107, 1)
bones/3/rotation = Quaternion(0.000230489, -0.000258538, 6.74373e-05, 1)
bones/4/position = Vector3(0.211903, 0.13404, -0.000175757)
bones/4/rotation = Quaternion(-0.560522, -0.0605225, -0.641504, 0.520216)
bones/5/rotation = Quaternion(3.42518e-08, -5.71672e-08, -0.499887, 0.866091)
bones/7/rotation = Quaternion(-0.32152, -0.327273, 0.14552, 0.876551)
bones/8/rotation = Quaternion(-4.49256e-05, 0.000456214, -0.705781, 0.70843)
bones/14/position = Vector3(-0.212005, 0.134091, -0.000203407)
bones/14/rotation = Quaternion(-0.617036, 0.0811188, 0.617229, 0.481367)
bones/15/rotation = Quaternion(2.33658e-08, 4.8e-08, 0.522321, 0.852749)
bones/17/rotation = Quaternion(-0.319727, 0.302624, -0.226937, 0.868731)
bones/18/rotation = Quaternion(0.000206257, 0.000547078, 0.705699, 0.708511)
bones/21/rotation = Quaternion(-0.000523802, -0.0306493, 8.80902e-05, 0.99953)
bones/24/position = Vector3(0.170945, 0.113587, -0.000415418)
bones/24/rotation = Quaternion(0.993384, 0.0830336, 0.07439, 0.0275695)
bones/25/rotation = Quaternion(0.240901, 6.37797e-08, -1.68217e-07, 0.97055)
bones/26/rotation = Quaternion(-0.538864, -0.207413, 0.0498322, 0.814937)
bones/27/rotation = Quaternion(-3.04526e-08, 0.920351, -0.391093, 6.94747e-08)
bones/28/position = Vector3(-0.170945, 0.113587, 0.000415446)
bones/28/rotation = Quaternion(0.996393, -0.029887, 0.0311502, 0.073063)
bones/29/rotation = Quaternion(0.305355, -6.40331e-08, 2.12477e-07, 0.952239)
bones/30/rotation = Quaternion(-0.576031, 0.113832, -0.011342, 0.809384)
bones/31/rotation = Quaternion(3.04658e-08, 0.920355, -0.391084, -6.94904e-08)
bones/32/position = Vector3(0.170945, 0.292332, 0.575835)
bones/32/rotation = Quaternion(0.707107, -2.29302e-07, -4.60552e-08, 0.707107)
bones/33/position = Vector3(0.202052, 0.0264574, 0.202351)
bones/33/rotation = Quaternion(-0.704199, -7.08147e-08, -7.02591e-08, 0.710002)
bones/34/rotation = Quaternion(9.61815e-09, 1.77222e-09, 0.985837, -0.167704)
bones/35/rotation = Quaternion(-1.04035e-07, 0.391084, 0.920355, -2.9526e-08)
bones/37/rotation = Quaternion(1, -2.31997e-11, 1.94708e-07, 2.98028e-12)
bones/39/position = Vector3(-0.170945, 0.292332, 0.575834)
bones/39/rotation = Quaternion(0.707107, -3.82385e-08, 1.45009e-07, 0.707107)
bones/40/position = Vector3(-0.170945, 0.0273398, 0.247257)
bones/40/rotation = Quaternion(-0.708429, -7.0403e-08, -7.06564e-08, 0.705782)
bones/41/rotation = Quaternion(-5.80017e-09, 6.42345e-10, 0.994852, 0.101335)
bones/42/rotation = Quaternion(-1.04035e-07, 0.391084, 0.920355, -2.95261e-08)
bones/44/rotation = Quaternion(1, 4.44086e-16, 1.94707e-07, 6.8997e-22)
bones/46/position = Vector3(0.454523, 1.10561, -0.58812)
bones/46/rotation = Quaternion(-0.707107, -0.000197538, -0.000197538, 0.707107)
bones/47/position = Vector3(0.520606, 0.786982, -0.0562484)
bones/47/rotation = Quaternion(0.793386, 0.00130775, 0.608717, 0.000472821)
bones/48/position = Vector3(-0.453115, 1.10593, -0.589442)
bones/48/rotation = Quaternion(-0.707107, -0.000197538, -0.000197538, 0.707107)
bones/49/position = Vector3(-0.510858, 0.786982, 0.0597409)
bones/49/rotation = Quaternion(-0.757411, 0.00195045, 0.652935, -0.000587106)

[node name="1H_Sword_Offhand" parent="Rig/Skeleton3D" index="0"]
transform = Transform3D(0.000765427, 0.26148, 0.965208, 0.999998, 0.000736265, -0.000992007, -0.000969884, 0.965208, -0.261479, 0.512022, 0.635665, -2.87984e-05)
visible = false
bone_idx = 9

[node name="Badge_Shield" parent="Rig/Skeleton3D" index="1"]
transform = Transform3D(0.000765446, 0.261479, 0.965208, 0.999998, 0.00073373, -0.00099134, -0.000967262, 0.965208, -0.261479, 0.662483, 0.635511, -0.0407895)
visible = false
bone_idx = 10

[node name="Rectangle_Shield" parent="Rig/Skeleton3D" index="2"]
transform = Transform3D(0.000765446, 0.261479, 0.965208, 0.999998, 0.00073373, -0.00099134, -0.000967262, 0.965208, -0.261479, 0.662483, 0.635511, -0.0407895)
visible = false
bone_idx = 11

[node name="Round_Shield" parent="Rig/Skeleton3D" index="3"]
transform = Transform3D(0.000765446, 0.261479, 0.965208, 0.999998, 0.00073373, -0.00099134, -0.000967262, 0.965208, -0.261479, 0.662483, 0.635511, -0.0407895)
visible = false
bone_idx = 12

[node name="Spike_Shield" parent="Rig/Skeleton3D" index="4"]
transform = Transform3D(0.000765446, 0.261479, 0.965208, 0.999998, 0.00073373, -0.00099134, -0.000967262, 0.965208, -0.261479, 0.662483, 0.635511, -0.0407895)
visible = false
bone_idx = 13

[node name="1H_Sword" parent="Rig/Skeleton3D" index="5"]
transform = Transform3D(-0.00141011, -0.147838, 0.98901, 0.999998, -0.00101034, 0.00127447, 0.000810932, 0.989011, 0.147839, -0.495637, 0.639656, 0.141045)
visible = false
bone_idx = 19

[node name="2H_Sword" parent="Rig/Skeleton3D" index="6"]
transform = Transform3D(-0.00141012, -0.147838, 0.98901, 0.999998, -0.00101035, 0.00127449, 0.000810944, 0.989011, 0.147839, -0.495637, 0.639656, 0.141045)
visible = false
bone_idx = 20

[node name="Knight_Helmet" parent="Rig/Skeleton3D" index="7"]
transform = Transform3D(0.999707, -0.000254762, 0.0242201, 0.000285635, 0.999999, -0.00127125, -0.0242197, 0.00127779, 0.999706, 7.17996e-05, 1.19903, 0.00143465)
visible = false
bone_idx = 22

[node name="Knight_Cape" parent="Rig/Skeleton3D" index="8"]
transform = Transform3D(0.996344, -2.13864e-05, 0.0854265, 0.000218998, 0.999997, -0.00230387, -0.0854262, 0.00231415, 0.996342, 6.53545e-05, 1.19903, 0.00140817)
bone_idx = 23

[node name="AnimationTree" type="AnimationTree" parent="." index="3"]
tree_root = SubResource("AnimationNodeStateMachine_h8sqv")
anim_player = NodePath("../AnimationPlayer")
active = true
parameters/IWR/blend_position = Vector2(-0.00160003, 0.00255752)

[node name="SpringArm3D" type="SpringArm3D" parent="." index="4"]
transform = Transform3D(1, 0, 0, 0, 1, 0, 0, 0, 1, 0, 5, 0)
spring_length = 6.0

[node name="Camera3D" type="Camera3D" parent="SpringArm3D" index="0"]
transform = Transform3D(1, 0, 0, 0, 0.906308, 0.422618, 0, -0.422618, 0.906308, 0, 0, 0)
