[gd_scene load_steps=34 format=3 uid="uid://c8qdaxbsp6hw4"]

[ext_resource type="PackedScene" uid="uid://do1xgybmqdwxj" path="res://Assets/Characters/Knight.glb" id="1_ku6ws"]
[ext_resource type="Script" path="res://Scripts/Player/player.cs" id="2_wc7ii"]

[sub_resource type="CylinderShape3D" id="CylinderShape3D_ouo7s"]

[sub_resource type="AnimationNodeAnimation" id="AnimationNodeAnimation_yivl0"]
animation = &"1H_Melee_Attack_Chop"

[sub_resource type="AnimationNodeAnimation" id="AnimationNodeAnimation_3tl2l"]
animation = &"1H_Melee_Attack_Slice_Diagonal"

[sub_resource type="AnimationNodeAnimation" id="AnimationNodeAnimation_bo75t"]
animation = &"1H_Melee_Attack_Slice_Horizontal"

[sub_resource type="AnimationNodeAnimation" id="AnimationNodeAnimation_vc71a"]
animation = &"Death_A"

[sub_resource type="AnimationNodeAnimation" id="AnimationNodeAnimation_gcr7v"]
animation = &"Running_Strafe_Left"

[sub_resource type="AnimationNodeAnimation" id="AnimationNodeAnimation_b3xw5"]
animation = &"Running_Strafe_Right"

[sub_resource type="AnimationNodeAnimation" id="AnimationNodeAnimation_yvwv4"]
animation = &"Running_A"

[sub_resource type="AnimationNodeAnimation" id="AnimationNodeAnimation_vmoxg"]
animation = &"Walking_Backwards"

[sub_resource type="AnimationNodeAnimation" id="AnimationNodeAnimation_k2wqb"]
animation = &"Idle"

[sub_resource type="AnimationNodeBlendSpace2D" id="AnimationNodeBlendSpace2D_jtjam"]
blend_point_0/node = SubResource("AnimationNodeAnimation_gcr7v")
blend_point_0/pos = Vector2(-1, 0)
blend_point_1/node = SubResource("AnimationNodeAnimation_b3xw5")
blend_point_1/pos = Vector2(1, 0)
blend_point_2/node = SubResource("AnimationNodeAnimation_yvwv4")
blend_point_2/pos = Vector2(0, 1)
blend_point_3/node = SubResource("AnimationNodeAnimation_vmoxg")
blend_point_3/pos = Vector2(0, -1)
blend_point_4/node = SubResource("AnimationNodeAnimation_k2wqb")
blend_point_4/pos = Vector2(0, 0)

[sub_resource type="AnimationNodeAnimation" id="AnimationNodeAnimation_cjeof"]
animation = &"Interact"

[sub_resource type="AnimationNodeAnimation" id="AnimationNodeAnimation_v5ydi"]
animation = &"Jump_Idle"

[sub_resource type="AnimationNodeAnimation" id="AnimationNodeAnimation_iq7mg"]
animation = &"Jump_Land"

[sub_resource type="AnimationNodeAnimation" id="AnimationNodeAnimation_1j8gj"]
animation = &"Jump_Start"

[sub_resource type="AnimationNodeStateMachineTransition" id="AnimationNodeStateMachineTransition_qw14k"]
advance_mode = 2

[sub_resource type="AnimationNodeStateMachineTransition" id="AnimationNodeStateMachineTransition_xaiao"]

[sub_resource type="AnimationNodeStateMachineTransition" id="AnimationNodeStateMachineTransition_3qlsd"]

[sub_resource type="AnimationNodeStateMachineTransition" id="AnimationNodeStateMachineTransition_gc0om"]

[sub_resource type="AnimationNodeStateMachineTransition" id="AnimationNodeStateMachineTransition_4yo3w"]

[sub_resource type="AnimationNodeStateMachineTransition" id="AnimationNodeStateMachineTransition_y7lvi"]

[sub_resource type="AnimationNodeStateMachineTransition" id="AnimationNodeStateMachineTransition_n2bar"]
switch_mode = 2

[sub_resource type="AnimationNodeStateMachineTransition" id="AnimationNodeStateMachineTransition_p4kgl"]
switch_mode = 2

[sub_resource type="AnimationNodeStateMachineTransition" id="AnimationNodeStateMachineTransition_8ksvg"]
switch_mode = 2

[sub_resource type="AnimationNodeStateMachineTransition" id="AnimationNodeStateMachineTransition_reug6"]
switch_mode = 2

[sub_resource type="AnimationNodeStateMachineTransition" id="AnimationNodeStateMachineTransition_batt5"]
xfade_time = 0.1
advance_mode = 2
advance_condition = &"jumping"

[sub_resource type="AnimationNodeStateMachineTransition" id="AnimationNodeStateMachineTransition_6xc0w"]
advance_mode = 2
advance_condition = &"grounded"

[sub_resource type="AnimationNodeStateMachineTransition" id="AnimationNodeStateMachineTransition_fxqi7"]
xfade_time = 0.1
switch_mode = 2
advance_mode = 2
advance_condition = &"jumping"

[sub_resource type="AnimationNodeStateMachineTransition" id="AnimationNodeStateMachineTransition_0shyw"]
switch_mode = 2
advance_mode = 2
advance_condition = &"grounded"

[sub_resource type="AnimationNodeStateMachineTransition" id="AnimationNodeStateMachineTransition_2cuk6"]

[sub_resource type="AnimationNodeStateMachine" id="AnimationNodeStateMachine_h8sqv"]
states/1H_Melee_Attack_Chop/node = SubResource("AnimationNodeAnimation_yivl0")
states/1H_Melee_Attack_Chop/position = Vector2(633, 61)
states/1H_Melee_Attack_Slice_Diagonal/node = SubResource("AnimationNodeAnimation_3tl2l")
states/1H_Melee_Attack_Slice_Diagonal/position = Vector2(368, 61)
states/1H_Melee_Attack_Slice_Horizontal/node = SubResource("AnimationNodeAnimation_bo75t")
states/1H_Melee_Attack_Slice_Horizontal/position = Vector2(933, 61)
states/Death_A/node = SubResource("AnimationNodeAnimation_vc71a")
states/Death_A/position = Vector2(933, 210)
states/End/position = Vector2(1054, 317)
states/IWR/node = SubResource("AnimationNodeBlendSpace2D_jtjam")
states/IWR/position = Vector2(633, 210)
states/Interact/node = SubResource("AnimationNodeAnimation_cjeof")
states/Interact/position = Vector2(368, 210)
states/Jump_Idle/node = SubResource("AnimationNodeAnimation_v5ydi")
states/Jump_Idle/position = Vector2(633, 436)
states/Jump_Land/node = SubResource("AnimationNodeAnimation_iq7mg")
states/Jump_Land/position = Vector2(761, 317)
states/Jump_Start/node = SubResource("AnimationNodeAnimation_1j8gj")
states/Jump_Start/position = Vector2(507, 317)
states/Start/position = Vector2(163, 331)
transitions = ["Start", "IWR", SubResource("AnimationNodeStateMachineTransition_qw14k"), "IWR", "Interact", SubResource("AnimationNodeStateMachineTransition_xaiao"), "IWR", "1H_Melee_Attack_Slice_Diagonal", SubResource("AnimationNodeStateMachineTransition_3qlsd"), "IWR", "1H_Melee_Attack_Chop", SubResource("AnimationNodeStateMachineTransition_gc0om"), "IWR", "1H_Melee_Attack_Slice_Horizontal", SubResource("AnimationNodeStateMachineTransition_4yo3w"), "IWR", "Death_A", SubResource("AnimationNodeStateMachineTransition_y7lvi"), "1H_Melee_Attack_Slice_Diagonal", "IWR", SubResource("AnimationNodeStateMachineTransition_n2bar"), "Interact", "IWR", SubResource("AnimationNodeStateMachineTransition_p4kgl"), "1H_Melee_Attack_Chop", "IWR", SubResource("AnimationNodeStateMachineTransition_8ksvg"), "1H_Melee_Attack_Slice_Horizontal", "IWR", SubResource("AnimationNodeStateMachineTransition_reug6"), "IWR", "Jump_Start", SubResource("AnimationNodeStateMachineTransition_batt5"), "Jump_Idle", "Jump_Land", SubResource("AnimationNodeStateMachineTransition_6xc0w"), "Jump_Start", "Jump_Idle", SubResource("AnimationNodeStateMachineTransition_fxqi7"), "Jump_Land", "IWR", SubResource("AnimationNodeStateMachineTransition_0shyw"), "IWR", "Jump_Idle", SubResource("AnimationNodeStateMachineTransition_2cuk6")]
graph_offset = Vector2(0, 217.82)

[node name="Player" instance=ExtResource("1_ku6ws")]
script = ExtResource("2_wc7ii")

[node name="Collision" type="CollisionShape3D" parent="." index="0"]
transform = Transform3D(1, 0, 0, 0, 1, 0, 0, 0, 1, 0, 1, 0)
shape = SubResource("CylinderShape3D_ouo7s")

[node name="Skeleton3D" parent="Rig" index="0"]
transform = Transform3D(-1, 0, -8.74228e-08, 0, 1, 0, 8.74228e-08, 0, -1, 0, 0, 0)
bones/0/position = Vector3(0, 0.000255736, 0)
bones/1/position = Vector3(-1.19857e-19, 0.389742, -2.85762e-26)
bones/1/rotation = Quaternion(0.00378484, 0.0415671, 0.000157465, 0.999129)
bones/2/rotation = Quaternion(0.0041803, 0.00159561, -0.000125577, 0.99999)
bones/3/rotation = Quaternion(0.00155406, 2.61642e-05, 0.000134603, 0.999999)
bones/4/position = Vector3(0.21169, 0.133622, -0.00172401)
bones/4/rotation = Quaternion(-0.565272, -0.067392, -0.643898, 0.511196)
bones/5/rotation = Quaternion(2.57721e-08, -4.79682e-08, -0.499982, 0.866036)
bones/7/rotation = Quaternion(-0.319335, -0.324067, 0.128964, 0.881121)
bones/8/rotation = Quaternion(-0.0018942, 0.00216205, -0.701023, 0.713133)
bones/14/position = Vector3(-0.211379, 0.133466, -0.00163995)
bones/14/rotation = Quaternion(-0.62451, 0.0846607, 0.615137, 0.473737)
bones/15/rotation = Quaternion(3.24174e-08, 5.26467e-08, 0.521475, 0.853267)
bones/17/rotation = Quaternion(-0.32027, 0.299645, -0.206806, 0.874569)
bones/18/rotation = Quaternion(-0.0016503, -0.0015927, 0.701125, 0.713035)
bones/21/rotation = Quaternion(-0.00481168, -0.032754, 0.000302519, 0.999452)
bones/24/position = Vector3(0.170945, 0.113587, 0.00323041)
bones/24/rotation = Quaternion(0.99313, 0.081903, 0.0699256, 0.0457805)
bones/25/rotation = Quaternion(0.245877, 6.54742e-08, -1.69384e-07, 0.969301)
bones/26/rotation = Quaternion(-0.535689, -0.200746, 0.0477803, 0.818813)
bones/28/position = Vector3(-0.170945, 0.113587, -0.00323038)
bones/28/rotation = Quaternion(0.996646, -0.0287814, 0.0302207, 0.0703922)
bones/29/rotation = Quaternion(0.318434, -6.36183e-08, 2.22485e-07, 0.947945)
bones/30/rotation = Quaternion(-0.571195, 0.11013, -0.0107148, 0.813322)
bones/31/rotation = Quaternion(2.79928e-08, 0.91718, -0.398473, -6.918e-08)
bones/32/position = Vector3(0.170945, 0.295486, 0.578988)
bones/32/rotation = Quaternion(0.707107, -2.29302e-07, -4.60552e-08, 0.707107)
bones/33/position = Vector3(0.20103, 0.0296997, 0.216759)
bones/33/rotation = Quaternion(-0.707467, -7.02186e-08, -7.08023e-08, 0.706746)
bones/34/rotation = Quaternion(9.30504e-09, 1.71453e-09, 0.986751, -0.162245)
bones/35/rotation = Quaternion(-1.04035e-07, 0.391084, 0.920355, -2.9526e-08)
bones/37/rotation = Quaternion(1, -3.04313e-15, 1.94707e-07, -6.66233e-22)
bones/39/position = Vector3(-0.170945, 0.295486, 0.578988)
bones/39/rotation = Quaternion(0.707107, -3.82385e-08, 1.45009e-07, 0.707107)
bones/40/position = Vector3(-0.170945, 0.0265778, 0.227227)
bones/40/rotation = Quaternion(-0.68962, -7.23824e-08, -6.86408e-08, 0.724171)
bones/41/rotation = Quaternion(-5.62142e-09, 6.20176e-10, 0.995185, 0.0980165)
bones/42/rotation = Quaternion(-1.04035e-07, 0.391084, 0.920355, -2.95261e-08)
bones/44/rotation = Quaternion(1, 4.44086e-16, 1.94707e-07, 6.66233e-22)
bones/46/position = Vector3(0.453507, 1.09939, -0.592547)
bones/47/position = Vector3(0.520558, 0.786446, -0.0493605)
bones/47/rotation = Quaternion(0.784431, 0.016457, 0.619964, 0.00656259)
bones/48/position = Vector3(-0.453507, 1.09939, -0.592547)
bones/49/position = Vector3(-0.51093, 0.786446, 0.063686)
bones/49/rotation = Quaternion(-0.748443, 0.0179327, 0.662922, -0.00679619)

[node name="1H_Sword_Offhand" parent="Rig/Skeleton3D" index="0"]
transform = Transform3D(0.00567892, 0.234766, 0.972035, 0.999668, 0.0230745, -0.011413, -0.0251085, 0.971777, -0.234557, 0.509037, 0.635395, 0.0135546)
visible = false
bone_idx = 9

[node name="Badge_Shield" parent="Rig/Skeleton3D" index="1"]
transform = Transform3D(0.00567886, 0.234766, 0.972035, 0.999668, 0.023072, -0.0114123, -0.0251058, 0.971778, -0.234557, 0.660563, 0.633616, -0.0230095)
visible = false
bone_idx = 10

[node name="Rectangle_Shield" parent="Rig/Skeleton3D" index="2"]
transform = Transform3D(0.00567886, 0.234766, 0.972035, 0.999668, 0.023072, -0.0114123, -0.0251058, 0.971778, -0.234557, 0.660563, 0.633616, -0.0230095)
visible = false
bone_idx = 11

[node name="Round_Shield" parent="Rig/Skeleton3D" index="3"]
transform = Transform3D(0.00567886, 0.234766, 0.972035, 0.999668, 0.023072, -0.0114123, -0.0251058, 0.971778, -0.234557, 0.660563, 0.633616, -0.0230095)
visible = false
bone_idx = 12

[node name="Spike_Shield" parent="Rig/Skeleton3D" index="4"]
transform = Transform3D(0.00567886, 0.234766, 0.972035, 0.999668, 0.023072, -0.0114123, -0.0251058, 0.971778, -0.234557, 0.660563, 0.633616, -0.0230095)
visible = false
bone_idx = 13

[node name="1H_Sword" parent="Rig/Skeleton3D" index="5"]
transform = Transform3D(-0.00992268, -0.128351, 0.991678, 0.999626, 0.0239528, 0.013102, -0.025435, 0.991439, 0.128066, -0.492349, 0.640205, 0.150395)
visible = false
bone_idx = 19

[node name="2H_Sword" parent="Rig/Skeleton3D" index="6"]
transform = Transform3D(-0.00992269, -0.128351, 0.991678, 0.999626, 0.0239527, 0.013102, -0.0254349, 0.991439, 0.128066, -0.492349, 0.640205, 0.150395)
visible = false
bone_idx = 20

[node name="Knight_Helmet" parent="Rig/Skeleton3D" index="7"]
transform = Transform3D(0.999782, -0.0001622, 0.0208774, 0.000358991, 0.999955, -0.00942266, -0.0208749, 0.0094281, 0.999738, 0.000621331, 1.20012, 0.0122785)
visible = false
bone_idx = 22

[node name="Knight_Cape" parent="Rig/Skeleton3D" index="8"]
transform = Transform3D(0.99627, 0.000957904, 0.0862881, 0.000685679, 0.999819, -0.019016, -0.0862907, 0.0190042, 0.996089, 0.000592244, 1.20013, 0.012034)
bone_idx = 23

[node name="AnimationTree" type="AnimationTree" parent="." index="3"]
tree_root = SubResource("AnimationNodeStateMachine_h8sqv")
anim_player = NodePath("../AnimationPlayer")
active = true
parameters/conditions/grounded = false
parameters/conditions/jumping = false
parameters/IWR/blend_position = Vector2(0, 0.0368714)

[node name="SpringArm3D" type="SpringArm3D" parent="." index="4"]
transform = Transform3D(1, 0, 0, 0, 1, 0, 0, 0, 1, 0, 5, 0)
spring_length = 6.0

[node name="Camera3D" type="Camera3D" parent="SpringArm3D" index="0"]
transform = Transform3D(1, 0, 0, 0, 0.906308, 0.422618, 0, -0.422618, 0.906308, 0, 0, 0)
